[[0, 853, 920, 546, 801, 380], [853, 0, 765, 637, 282, 443], [920, 765, 0, 645, 446, 560], [546, 637, 645, 0, 444, 268], [801, 282, 446, 444, 0, 571], [380, 443, 560, 268, 571, 0]]
